X1 = 0.89453125
X2 = 0.4470043182373047
Y1 = 1.5278653812779421
